3 0.3715459704399109 0.24294354021549225 0.07506334036588669 0.1310165822505951
2 0.729889452457428 0.6421913504600525 0.10346559435129166 0.35549303889274597
2 0.4717189371585846 0.6861807703971863 0.12914830446243286 0.48667776584625244
2 0.9545031785964966 0.603086531162262 0.06833076477050781 0.24373310804367065
1 0.4834423065185547 0.21349963545799255 0.036903269588947296 0.04566133767366409
2 0.31597742438316345 0.6635420918464661 0.13134926557540894 0.41133788228034973
2 0.8795300126075745 0.6033356189727783 0.06740745902061462 0.23360922932624817
2 0.8072034120559692 0.6030089855194092 0.06496275216341019 0.22305819392204285
2 0.5448100566864014 0.5350788831710815 0.12888281047344208 0.41927844285964966
2 0.1358504593372345 0.6206721663475037 0.10071801394224167 0.34235966205596924
