1 0.7756420969963074 0.6165570616722107 0.043206069618463516 0.05798248201608658
2 0.13805589079856873 0.6963678598403931 0.08604146540164948 0.2149704098701477
2 0.8515413999557495 0.6863540410995483 0.11177671700716019 0.4253816306591034
2 0.7039963603019714 0.7003973722457886 0.06873006373643875 0.23429499566555023
2 0.503279447555542 0.7045745849609375 0.07738564908504486 0.21281982958316803
2 0.3174877464771271 0.641545832157135 0.12044669687747955 0.4768291711807251
2 0.3999382555484772 0.6921641826629639 0.05505818501114845 0.24118225276470184
1 0.5296764373779297 0.7062886953353882 0.03375493735074997 0.048763129860162735
2 0.6081398725509644 0.6979621648788452 0.055077552795410156 0.14613547921180725
1 0.1243271678686142 0.6555080413818359 0.03803455829620361 0.033565741032361984
