3 0.6185578107833862 0.16353321075439453 0.11629350483417511 0.24122940003871918
3 0.07035379111766815 0.5939388871192932 0.10344024002552032 0.182900533080101
3 0.2291611135005951 0.04183349758386612 0.0795559510588646 0.08298955857753754
2 0.17280791699886322 0.2505086660385132 0.23682349920272827 0.4682989716529846
1 0.054394181817770004 0.11923151463270187 0.04205743968486786 0.06320138275623322
2 0.8169847726821899 0.7680367827415466 0.08746873587369919 0.46392643451690674
2 0.4794619679450989 0.47784489393234253 0.2790535092353821 0.5403709411621094
1 0.8034148812294006 0.21074452996253967 0.056786391884088516 0.08802371472120285
2 0.853014349937439 0.25113362073898315 0.2072117179632187 0.5022672414779663
3 0.8405188322067261 0.5439913272857666 0.060637034475803375 0.09235095977783203
