3 0.24639423076923078 0.5 0.07572115384615384 0.10216346153846154
2 0.4387019230769231 0.7848557692307693 0.07932692307692307 0.36177884615384615
2 0.36538461538461536 0.7572115384615384 0.09375 0.3605769230769231
2 0.2920673076923077 0.7608173076923077 0.10096153846153846 0.3401442307692308
2 0.6346153846153846 0.7584134615384616 0.09134615384615384 0.36538461538461536
2 0.7872596153846154 0.7139423076923077 0.08774038461538461 0.27524038461538464
2 0.8822115384615384 0.7584134615384616 0.09735576923076923 0.31850961538461536
1 0.26322115384615385 0.23557692307692307 0.038461538461538464 0.052884615384615384
1 0.8725961538461539 0.7223557692307693 0.056490384615384616 0.07211538461538461
1 0.7596153846153846 0.6622596153846154 0.038461538461538464 0.055288461538461536
3 0.5853365384615384 0.49038461538461536 0.05889423076923077 0.07572115384615384